,sum,Price,RT,Favo,tweetnum
2016-01-01,-0.4273371942049309,52048.0,3,11,61
2016-01-02,-0.4239683904212515,51802.0,86,232,85
2016-01-03,-0.3919090185039853,51489.0,58,78,92
2016-01-04,-0.4067852543414207,51392.0,40,92,107
2016-01-05,-0.38008733677134027,52249.0,22,71,98
2016-01-06,-0.4107708649104507,51422.0,33,60,129
2016-01-07,-0.3789147073922716,54350.0,23,59,98
2016-01-08,-0.4011695694917252,53926.0,33,81,103
2016-01-09,-0.416979579786632,52789.0,29,43,54
2016-01-10,-0.3886426430836352,52145.0,2,16,52
2016-01-11,-0.3853031616708989,52739.0,53,109,66
2016-01-12,-0.3975979016827772,50981.0,21,45,64
2016-01-13,-0.39535047041940974,50175.0,58,92,100
2016-01-14,-0.3913272474928422,50042.0,81,82,96
2016-01-15,-0.31926444144529365,47352.0,24,88,138
2016-01-16,-0.4031652077345243,45893.0,38,66,128
2016-01-17,-0.36058810531414703,45933.0,7,14,32
2016-01-18,-0.3674786440727984,45976.0,9,37,74
2016-01-19,-0.4142554713623965,44565.0,28,33,70
2016-01-20,-0.3693180443872857,49500.0,28,79,104
2016-01-21,-0.3917157243835298,50980.0,11,39,110
2016-01-22,-0.3936961600459195,45175.0,17,24,57
2016-01-23,-0.3419297522448643,44893.0,1,9,35
2016-01-24,-0.40186307759216383,47101.0,2,12,57
2016-01-25,-0.38697951354492677,44882.0,2,30,51
2016-01-26,-0.3720959494976897,46351.0,14,44,73
2016-01-27,-0.3838924923459488,46729.0,8,13,54
2016-01-28,-0.3276901976134155,44839.0,22,45,59
2016-01-29,-0.39954098178220016,45248.0,16,38,80
2016-01-30,-0.3932400158574063,46694.0,1,14,35
2016-01-31,-0.34332485000235186,44144.0,5,43,40
2016-02-01,-0.4246256813684627,45385.0,35,43,97
2016-02-02,-0.4187227222730328,43289.0,56,66,99
2016-02-03,-0.39758138906109053,42800.0,68,82,53
2016-02-04,-0.3654485162183237,46953.0,7,23,55
2016-02-05,-0.4218788697966825,44929.0,69,109,99
2016-02-06,-0.4134730108237433,43585.0,2,19,57
2016-02-07,-0.4132393553429406,43472.0,9,20,51
2016-02-08,-0.3940860888711567,42816.0,23,34,84
2016-02-09,-0.4099805089091521,43051.0,6,12,68
2016-02-10,-0.3883890883478705,43135.0,1,27,63
2016-02-11,-0.40488793400186496,42431.0,20,61,103
2016-02-12,-0.4269697886308666,42968.0,13,39,80
2016-02-13,-0.3743093651755858,43892.0,6,23,64
2016-02-14,-0.3951578801764117,45356.0,10,32,50
2016-02-15,-0.40883910250507016,45709.0,14,47,58
2016-02-16,-0.3989241185639741,46907.0,14,22,58
2016-02-17,-0.4060072483768809,47248.0,10,34,64
2016-02-18,-0.42151258626230936,47070.0,32,59,77
2016-02-19,-0.4063389234530093,47164.0,17,38,70
2016-02-20,-0.32582140220334554,49082.0,7,21,61
2016-02-21,-0.3455820346969668,48758.0,31,72,100
2016-02-22,-0.4099872224642226,49101.0,19,40,76
2016-02-23,-0.3796460195809076,46590.0,23,40,73
2016-02-24,-0.4347289018740368,47251.0,149,175,281
2016-02-25,-0.3943164885786121,47850.0,31,64,173
2016-02-26,-0.3926368222843129,48881.0,38,79,87
2016-02-27,-0.3876536323601592,48471.0,8,35,65
2016-02-28,-0.4100330841533928,49261.0,20,61,72
2016-02-29,-0.3880794523206711,49612.0,48,98,95
2016-03-01,-0.3798244321530056,48970.0,70,192,191
2016-03-02,-0.3641804135428754,47986.0,142,264,132
2016-03-03,-0.4090657722961335,46623.0,95,109,103
2016-03-04,-0.4128332372209113,46890.0,242,340,425
2016-03-05,-0.40851446205355707,45283.0,94,178,194
2016-03-06,-0.3769606338140555,45941.0,54,134,146
2016-03-07,-0.4160582071082756,46347.0,36,100,111
2016-03-08,-0.39680012933800496,46219.0,54,75,93
2016-03-09,-0.3627772879227241,47749.0,22,73,62
2016-03-10,-0.4027308392432001,45648.0,14,70,78
2016-03-11,-0.4277721420552839,47411.0,40,91,81
2016-03-12,-0.3873681678636017,47062.0,17,38,46
2016-03-13,-0.3671393513645397,47497.0,35,71,82
2016-03-14,-0.4222301360556846,46868.0,13,22,60
2016-03-15,-0.3890479362746344,47939.0,51,63,63
2016-03-16,-0.38985694466431103,46553.0,35,59,104
2016-03-17,-0.388913809666757,47034.0,165,347,251
2016-03-18,-0.4094606926767579,45542.0,103,123,105
2016-03-19,-0.370185389150834,45275.0,151,219,107
2016-03-20,-0.415951810232272,45849.0,22,77,61
2016-03-21,-0.3815862114292657,46975.0,19,86,68
2016-03-22,-0.3562964560819313,47744.0,10,48,71
2016-03-23,-0.3848538165883093,46995.0,16,60,95
2016-03-24,-0.403119409984501,46482.0,19,37,106
2016-03-25,-0.40193229436288586,46886.0,48,76,56
2016-03-26,-0.4230909529749785,46669.0,6,18,47
2016-03-27,-0.4293685774148632,48148.0,5,16,53
2016-03-28,-0.3898888249584124,47617.0,23,73,95
2016-03-29,-0.3552051474367273,46735.0,50,69,93
2016-03-30,-0.3994991615599333,46847.0,3,28,58
2016-03-31,-0.3636552801105172,46484.0,54,118,92
2016-04-01,-0.33500247749307105,47748.0,28,70,93
2016-04-02,-0.3901022138148909,48070.0,29,63,54
2016-04-03,-0.3476228359059563,46919.0,5,65,55
2016-04-04,-0.4099635454218808,44808.0,6,58,79
2016-04-05,-0.3672660897013403,46419.0,32,70,60
2016-04-06,-0.4248820834779605,46856.0,8,42,69
2016-04-07,-0.380821280232863,46882.0,25,53,69
2016-04-08,-0.3618907730748439,45534.0,12,74,58
2016-04-09,-0.4115725275840664,45113.0,19,56,69
2016-04-10,-0.37156442926925387,45522.0,37,85,60
2016-04-11,-0.3933310315717842,45563.0,17,51,34
2016-04-12,-0.37301016026829786,0.0,8,28,47
2016-04-13,-0.39174237059932654,44974.0,20,40,77
2016-04-14,-0.3548192592157633,45801.0,0,23,36
2016-04-15,-0.3693885226624115,46406.0,11,28,45
2016-04-16,-0.3851018677348567,46874.0,9,30,55
2016-04-17,-0.3991192122503245,46279.0,10,41,36
2016-04-18,-0.38242717959117095,46450.0,11,35,43
2016-04-19,-0.3976670576983821,46691.0,15,43,52
2016-04-20,-0.3829954471829475,47402.0,6,40,74
2016-04-21,-0.4013066011705855,50656.0,36,68,54
2016-04-22,-0.33025776064862417,49895.0,8,65,86
2016-04-23,-0.3889947414615207,49804.0,41,90,85
2016-04-24,-0.3754683550295775,51588.0,26,68,94
2016-04-25,-0.3808896908785521,49029.0,49,96,96
2016-04-26,-0.3827782161390748,51683.0,41,117,98
2016-04-27,-0.3944601379815087,49020.0,142,228,159
2016-04-28,-0.3783901822173862,48604.0,16,55,136
2016-04-29,-0.44026200593138254,48099.0,4,33,50
2016-04-30,-0.393024792389551,48115.0,4,45,52
2016-05-01,-0.3931561339316371,47618.0,12,30,54
2016-05-02,-0.3732577708070076,47159.0,57,282,294
2016-05-03,-0.3406641893758052,47504.0,20,59,145
2016-05-04,-0.394017590679742,47824.0,16,54,71
2016-05-05,-0.4377931432986956,48137.0,14,48,89
2016-05-06,-0.3698913345808349,49192.0,27,54,83
2016-05-07,-0.4034114558861437,49845.0,40,114,76
2016-05-08,-0.4066432510773349,44494.0,30,68,69
2016-05-09,-0.32171006166342103,49347.0,11,49,79
2016-05-10,-0.27093732978125434,49830.0,48,153,119
2016-05-11,-0.31563920510405263,49292.0,13,35,72
2016-05-12,-0.3046067733970076,47623.0,16,62,71
2016-05-13,-0.3257936619648396,49449.0,3,33,53
2016-05-14,-0.31160633936553256,48910.0,1,31,44
2016-05-15,-0.3634556199839196,47772.0,13,64,52
2016-05-16,-0.3367533940103658,49160.0,19,92,76
2016-05-17,-0.3322029376993002,49110.0,23,214,93
2016-05-18,-0.3683253041000333,49317.0,11,54,82
2016-05-19,-0.41483071967691576,47965.0,30,113,78
2016-05-20,-0.423488478206993,47767.0,19,83,80
2016-05-21,-0.3672341165072493,49057.0,16,57,39
2016-05-22,-0.3772983688517757,48047.0,6,68,45
2016-05-23,-0.36200506151404505,48016.0,21,80,78
2016-05-24,-0.3677494649502917,49227.0,140,168,78
2016-05-25,-0.3862016032433385,46296.0,70,199,197
2016-05-26,-0.3970525062398641,45964.0,79,137,118
2016-05-27,-0.3773111425206174,51970.0,51,140,169
2016-05-28,-0.3410560939015895,53765.0,28,116,187
2016-05-29,-0.3718641847076096,58258.0,69,203,204
2016-05-30,-0.3775568364731412,58528.0,31,91,193
2016-05-31,-0.3689329026563597,58110.0,16,56,138
2016-06-01,-0.3793851843154708,58216.0,55,121,102
2016-06-02,-0.3942982383158328,56772.0,17,43,89
2016-06-03,-0.3921211174354,58548.0,20,84,81
2016-06-04,-0.3869080794992801,61303.0,25,114,95
2016-06-05,-0.4142673207089582,57676.0,7,51,66
2016-06-06,-0.3961951073077816,62134.0,37,103,94
2016-06-07,-0.3804064238135757,61130.0,7,43,80
2016-06-08,-0.37388880984245865,60678.0,32,72,78
2016-06-09,-0.38307876599815377,60553.0,21,68,62
2016-06-10,-0.3737041962046472,61991.0,103,286,194
2016-06-11,-0.41497685656873545,64984.0,33,69,97
2016-06-12,-0.3635641760235163,70052.0,63,244,296
2016-06-13,-0.3674118640533013,74594.0,281,461,501
2016-06-14,-0.3847113396895946,72693.0,53,144,174
2016-06-15,-0.3580889123782671,73274.0,15,66,120
2016-06-16,-0.3361942300366205,80723.0,66,106,200
2016-06-17,-0.3702686318806548,78685.0,139,290,316
2016-06-18,-0.3644117852309769,79019.0,37,114,147
2016-06-19,-0.3888938605840421,80095.0,74,142,153
2016-06-20,-0.4034125347778075,78986.0,50,64,119
2016-06-21,-0.3597878027575107,69220.0,81,166,222
2016-06-22,-0.39439141919170345,62411.0,13,61,127
2016-06-23,-0.4064527126421874,65776.0,65,153,229
2016-06-24,-0.37200086542009775,68559.0,70,176,391
2016-06-25,-0.3657563730318101,68272.0,34,77,110
2016-06-26,-0.3626381787145573,68272.0,15,35,104
2016-06-27,-0.3694277118577152,66360.0,6,62,117
2016-06-28,-0.3679117394042941,66643.0,31,88,100
2016-06-29,-0.3324899819985331,65214.0,13,50,102
2016-06-30,-0.3757421430343991,67141.0,16,47,81
2016-07-01,-0.4093463658794857,69174.0,21,46,108
2016-07-02,-0.37369010990270174,71378.0,12,47,64
2016-07-03,-0.3874373267583354,68321.0,25,56,102
2016-07-04,-0.3595177015942652,69840.0,3,29,65
2016-07-05,-0.39225613204387894,67339.0,21,65,71
2016-07-06,-0.38047056686474606,67788.0,6,77,80
2016-07-07,-0.4086737343220558,63645.0,86,193,92
2016-07-08,-0.3777309755485924,68062.0,46,161,158
2016-07-09,-0.35719336045079797,65127.0,67,247,129
2016-07-10,-0.38553113472140027,64375.0,38,159,172
2016-07-11,-0.3797982139102059,66176.0,5,30,74
2016-07-12,-0.3910670615624888,69049.0,11,59,79
2016-07-13,-0.3884713920845164,67183.0,15,63,87
2016-07-14,-0.3945203423377455,68954.0,9,48,93
2016-07-15,-0.39402744290470654,69309.0,4,44,95
2016-07-16,-0.39687480687248816,68778.0,22,104,72
2016-07-17,-0.3886638144360299,70322.0,77,169,82
2016-07-18,-0.3866146309626552,71746.0,13,74,85
2016-07-19,-0.3681336692750992,70771.0,35,67,71
2016-07-20,-0.3824443584677247,69688.0,7,35,62
2016-07-21,-0.3749679645683036,70099.0,39,68,59
2016-07-22,-0.38495978731655095,69007.0,23,40,69
2016-07-23,-0.388590731226986,68996.0,20,37,58
2016-07-24,-0.38966414903748825,70478.0,11,44,46
2016-07-25,-0.384308434682862,68016.0,68,141,59
2016-07-26,-0.39014160313388296,65486.0,38,78,51
2016-07-27,-0.38319487841344135,68681.0,25,43,46
2016-07-28,-0.3758198373704833,68119.5,6,33,58
2016-07-29,-0.3917445265904387,67558.0,23,83,71
2016-07-30,-0.3851675473165102,66686.0,26,71,72
2016-07-31,-0.3655492144006015,63947.0,64,143,85
2016-08-01,-0.3997753649313671,61963.0,12,64,52
2016-08-02,-0.3884262000287437,55731.0,22,86,101
2016-08-03,-0.3963206462189256,55527.0,144,284,281
2016-08-04,-0.4001555854196297,58002.0,57,142,195
2016-08-05,-0.37705984356144456,55979.0,22,57,70
2016-08-06,-0.3797217062418063,56609.0,17,40,63
2016-08-07,-0.3938567568285395,59229.0,13,23,52
2016-08-08,-0.38760824566949137,59452.0,23,34,43
2016-08-09,-0.3850288350315416,59400.454545454544,2,14,42
2016-08-10,-0.34595362667973495,59348.90909090909,29,58,48
2016-08-11,-0.3853584175410559,59297.36363636363,9,44,50
2016-08-12,-0.3962569519788061,59245.81818181818,10,26,42
2016-08-13,-0.3703504021697149,59194.27272727273,22,54,66
2016-08-14,-0.37290306147307595,59142.72727272727,16,69,37
2016-08-15,-0.3899267783192543,59091.181818181816,19,52,63
2016-08-16,-0.3508064360318777,59039.63636363637,13,73,76
2016-08-17,-0.3707482528464767,58988.09090909091,14,60,45
2016-08-18,-0.3373390652420197,58936.545454545456,12,43,45
2016-08-19,-0.3690965243053786,58885.0,11,58,54
2016-08-20,-0.35919053330396306,58833.454545454544,8,50,61
2016-08-21,-0.4058045859446086,58781.90909090909,15,46,50
2016-08-22,-0.3514305144432637,58730.36363636363,33,20,55
2016-08-23,-0.37336779480743015,58678.81818181818,32,50,70
2016-08-24,-0.36927940184524394,58627.27272727273,27,80,77
2016-08-25,-0.3919352514114468,58575.72727272727,4,20,51
2016-08-26,-0.3634991146156061,58524.181818181816,34,58,69
2016-08-27,-0.37379377428918825,58472.63636363637,13,64,50
2016-08-28,-0.4069024070643637,58421.09090909091,3,40,55
2016-08-29,-0.3611470277204201,58369.545454545456,12,50,53
2016-08-30,-0.3688725320420228,58318.0,17,78,72
2016-08-31,-0.3626534946052046,57494.0,22,53,64
2016-09-01,-0.3791495029514497,57695.0,29,65,61
2016-09-02,-0.3789926300916354,59584.0,8,49,49
2016-09-03,-0.40585566436467296,61472.0,7,39,25
2016-09-04,-0.3658540249573575,61354.0,14,75,72
2016-09-05,-0.40141247702331695,61213.0,26,90,86
2016-09-06,-0.3497288357225158,59406.0,72,105,69
2016-09-07,-0.3543033723778937,62213.0,20,48,63
2016-09-08,-0.4013092355174209,63862.0,24,90,69
2016-09-09,-0.3988319534025107,62794.0,23,50,74
2016-09-10,-0.3561118540656609,62087.0,16,70,58
2016-09-11,-0.3628439486114224,60276.0,3,29,45
2016-09-12,-0.3826880846453722,62091.0,13,39,88
2016-09-13,-0.3597599148407594,61074.0,16,70,55
2016-09-14,-0.3677954859942534,62867.0,17,65,73
2016-09-15,-0.3668009496284989,61575.0,6,29,60
2016-09-16,-0.3322521020387612,61373.0,10,56,63
2016-09-17,-0.3534410591406956,62119.0,14,38,45
2016-09-18,-0.35436108782659226,60500.0,4,8,31
2016-09-19,-0.3936296077858492,61480.0,3,9,27
2016-09-20,-0.3980789282184236,59834.0,10,26,55
2016-09-21,-0.3925613777230115,58518.0,12,40,60
2016-09-22,-0.4040143570830244,58661.0,12,30,57
2016-09-23,-0.402831649870928,59037.0,32,82,55
2016-09-24,-0.4036487198828944,60055.0,7,26,54
2016-09-25,-0.4020105674691825,59146.0,67,187,359
2016-09-26,-0.4002178942743653,60032.0,42,121,191
2016-09-27,-0.3878602501856426,60363.0,18,49,145
2016-09-28,-0.3860066507817219,60487.0,13,54,67
2016-09-29,-0.4008638029727536,61253.0,20,53,79
2016-09-30,-0.3978798161480922,59446.0,27,99,77
2016-10-01,-0.3949480521719413,61793.0,20,45,61
2016-10-02,-0.3668559818299043,59504.0,12,93,72
2016-10-03,-0.4123613467395793,61022.0,26,60,72
2016-10-04,-0.38200984676235306,57448.0,26,44,77
2016-10-05,-0.3972038052858587,61091.0,61,283,107
2016-10-06,-0.3919177903409717,57732.0,27,79,60
2016-10-07,-0.3722041793765332,62467.0,76,100,85
2016-10-08,-0.4094594393294133,60715.0,38,59,56
2016-10-09,-0.3834332275555826,59880.0,8,47,52
2016-10-10,-0.383850538742714,60373.0,35,87,98
2016-10-11,-0.3810299245418069,62881.0,18,52,113
2016-10-12,-0.3811950009917728,64827.0,79,223,327
2016-10-13,-0.3672421013860608,64110.0,32,90,118
2016-10-14,-0.38601393625642416,65591.0,9,52,105
2016-10-15,-0.3952105051757582,65711.0,18,83,82
2016-10-16,-0.4032036248900741,66281.0,16,59,93
2016-10-17,-0.3634825624182544,65641.0,28,95,83
2016-10-18,-0.3547211981814784,65962.0,31,56,93
2016-10-19,-0.3582633538607729,64817.0,38,105,94
2016-10-20,-0.3827077698065041,63890.0,36,105,83
2016-10-21,-0.4054967427217793,65351.0,6,44,79
2016-10-22,-0.3643228028494133,66033.0,12,73,70
2016-10-23,-0.3714108376249641,67504.0,14,69,119
2016-10-24,-0.3942064453889227,66643.0,39,141,78
2016-10-25,-0.3746055656956704,67668.0,11,58,85
2016-10-26,-0.4021529912620101,69829.0,42,137,124
2016-10-27,-0.35438890050517635,71439.0,70,142,155
2016-10-28,-0.4057916237482859,70904.0,17,90,108
2016-10-29,-0.3927106415018861,74966.0,335,439,671
2016-10-30,-0.3839988327746576,75624.0,81,239,155
2016-10-31,-0.3939736338516146,72099.0,10,89,79
2016-11-01,-0.3621289962449311,70473.0,25,100,125
2016-11-02,-0.3905916387370497,76089.0,14,53,94
2016-11-03,-0.38639479081286143,76000.0,21,65,130
2016-11-04,-0.3971199499355731,72427.0,83,147,166
2016-11-05,-0.4085506566454367,72379.0,26,103,76
2016-11-06,-0.4023844695633343,73235.0,6,29,109
2016-11-07,-0.3858348295007957,72665.0,16,27,66
2016-11-08,-0.3901361871177451,74778.0,54,77,69
2016-11-09,-0.3727334090469749,74983.0,69,165,302
2016-11-10,-0.3922031448745949,75416.0,17,62,101
2016-11-11,-0.3752385040990705,75844.0,11,66,82
2016-11-12,-0.3896147826678916,76024.0,34,56,87
2016-11-13,-0.38945413424020986,75261.0,0,39,54
2016-11-14,-0.3635948121009317,75497.0,9,32,65
2016-11-15,-0.3827770256419805,77887.0,13,75,73
2016-11-16,-0.37396968016517856,78894.0,55,162,184
2016-11-17,-0.3711656111847944,80039.0,31,148,177
2016-11-18,-0.35135354098804705,82791.0,48,112,115
2016-11-19,-0.3658145821257928,82878.0,46,163,131
2016-11-20,-0.3715187510430174,79437.0,33,75,83
2016-11-21,-0.3770614190610132,81192.0,24,60,104
2016-11-22,-0.4014849593091669,82584.0,5,29,83
2016-11-23,-0.3807271859665069,81664.0,16,41,80
2016-11-24,-0.3648058666595223,82960.0,33,123,89
2016-11-25,-0.3620542762368016,82873.0,50,137,91
2016-11-26,-0.3728891045434388,82425.0,63,168,139
2016-11-27,-0.3450612774740669,82249.0,4,58,94
2016-11-28,-0.3764095847577018,81477.0,13,83,101
2016-11-29,-0.3542382790935288,81475.0,15,57,96
2016-11-30,-0.3810072295373104,80161.0,28,92,133
2016-12-01,-0.3704094302507193,85711.0,16,54,128
2016-12-02,-0.3565222693406325,87216.0,101,200,276
2016-12-03,-0.3914943896053565,86317.0,27,138,142
2016-12-04,-0.3667686775583737,87128.0,24,72,109
2016-12-05,-0.3989347452098741,84778.0,32,66,111
2016-12-06,-0.4077896683647065,87262.0,32,80,107
2016-12-07,-0.3735044430886178,87083.0,48,112,104
2016-12-08,-0.3903690945166408,86590.0,19,73,90
2016-12-09,-0.3662554098709633,89008.0,102,276,90
2016-12-10,-0.3831181045541103,88421.0,8,50,99
2016-12-11,-0.38874388311564106,89011.0,62,214,99
2016-12-12,-0.3635564514566145,89207.0,9,90,121
2016-12-13,-0.3894314003669295,89402.0,48,123,126
2016-12-14,-0.38254944620376174,90959.0,68,254,166
2016-12-15,-0.3666789112210371,92228.0,32,136,140
2016-12-16,-0.3626498273474079,92445.0,132,501,123
2016-12-17,-0.3846227868275544,93393.0,33,121,85
2016-12-18,-0.3628891028945192,92139.0,94,272,130
2016-12-19,-0.3773974675334954,92544.0,41,142,146
2016-12-20,-0.3957254304107636,93483.0,105,160,165
2016-12-21,-0.39732511795641423,96314.0,36,148,239
2016-12-22,-0.3611962455608784,98431.0,179,730,651
2016-12-23,-0.3857372506882967,104410.0,69,277,350
2016-12-24,-0.3856791498394172,103488.0,24,103,188
2016-12-25,-0.3726529742152418,103346.0,22,95,131
2016-12-26,-0.390477378640094,105593.0,31,136,174
2016-12-27,-0.37710850929859774,107088.0,41,131,231
2016-12-28,-0.35427864859689434,111750.0,120,410,344
2016-12-29,-0.3772157009746384,113740.0,33,165,201
2016-12-30,-0.3889701265060077,112143.0,44,190,192
2016-12-31,-0.32937198778017285,111316.0,5,59,45
2017-01-01,-0.3660524522896909,114101.0,11,123,91
2017-01-02,-0.3779221021179758,116707.0,80,275,262
2017-01-03,-0.3689802708481896,115396.0,109,377,278
2017-01-04,-0.3617188775515971,130010.0,292,866,630
2017-01-05,-0.37700951787435066,112744.0,1430,3081,1985
2017-01-06,-0.3865119819040777,108571.0,374,1411,1313
2017-01-07,-0.3693397855941246,105381.0,258,700,459
2017-01-08,-0.3990731486663548,110455.0,135,344,249
2017-01-09,-0.3765358767116469,106400.0,338,442,303
2017-01-10,-0.38099131535185976,105266.0,87,331,416
2017-01-11,-0.400231291665892,88836.0,152,559,615
2017-01-12,-0.3872621643914809,93497.0,227,626,544
2017-01-13,-0.3757630830625569,93878.0,77,233,232
2017-01-14,-0.3581294097868795,91614.0,31,120,193
2017-01-15,-0.3357969521454299,92499.0,39,158,180
2017-01-16,-0.3424974066638335,94857.0,50,202,203
2017-01-17,-0.3597751848122753,102392.0,34,288,288
2017-01-18,-0.36289026712230704,99016.0,27,227,271
2017-01-19,-0.3527155962408736,103643.0,47,253,224
2017-01-20,-0.340452556569078,103508.0,23,197,205
2017-01-21,-0.344220714024999,105004.0,45,148,199
2017-01-22,-0.32463923873771106,104470.0,21,141,186
2017-01-23,-0.34428953742117113,103728.0,109,257,201
2017-01-24,-0.3565678418517961,101589.0,100,377,285
2017-01-25,-0.3248408292237849,100057.0,24,122,164
2017-01-26,-0.3222366599846317,103490.0,60,309,192
2017-01-27,-0.3407281491025682,104000.0,55,216,200
2017-01-28,-0.3361937367545809,105252.0,110,245,201
2017-01-29,-0.34302728339063226,104916.0,25,116,139
2017-01-30,-0.3471725065150462,104284.0,47,254,210
2017-01-31,-0.3487531409995978,108192.0,120,251,280
2017-02-01,-0.35496242290791696,111019.0,67,292,301
2017-02-02,-0.33487845203114724,112163.0,179,338,302
2017-02-03,-0.3404019586344217,114659.0,146,380,265
2017-02-04,-0.34285838341719105,114385.0,43,174,198
2017-02-05,-0.3413808438972061,113506.0,147,264,183
2017-02-06,-0.31446648898994195,114746.0,64,183,201
2017-02-07,-0.3270139032371086,118068.0,203,475,323
2017-02-08,-0.3289355553901679,116776.0,253,631,377
2017-02-09,-0.3588596712533797,113402.0,301,643,535
2017-02-10,-0.3709088819068999,113220.0,184,400,385
2017-02-11,-0.356523194538856,113186.0,353,445,216
2017-02-12,-0.3262603735996253,114136.0,279,342,223
2017-02-13,-0.3437288488157021,113723.0,316,434,242
2017-02-14,-0.3449312555287921,113435.0,439,617,362
2017-02-15,-0.3402163559484501,115011.0,419,614,281
2017-02-16,-0.3422386128443901,117793.0,265,503,279
2017-02-17,-0.35157530979067164,119621.0,168,474,300
2017-02-18,-0.35595544794802964,119237.0,158,381,265
2017-02-19,-0.344477577243093,119953.0,138,270,230
2017-02-20,-0.3674737971581485,122236.0,144,347,255
2017-02-21,-0.3659561915288007,126710.0,152,405,342
2017-02-22,-0.3351446496042625,126921.0,227,568,364
2017-02-23,-0.3395140268904557,129842.0,122,364,337
2017-02-24,-0.3482471836274806,132465.0,194,658,609
2017-02-25,-0.3486295906016095,119021.0,165,379,275
2017-02-26,-0.3434453222585728,131550.0,71,322,281
2017-02-27,-0.333595541584778,133308.0,84,348,272
2017-02-28,-0.34831570925475785,134747.0,148,459,322
2017-03-01,-0.3443305012953169,137788.0,68,395,387
2017-03-02,-0.3151957595651137,142931.0,141,495,444
2017-03-03,-0.34512808020130625,146572.0,102,438,530
2017-03-04,-0.3408614477997509,144144.0,128,609,410
2017-03-05,-0.3355567784860564,142160.0,202,768,427
2017-03-06,-0.35767124939854705,148097.0,98,400,331
2017-03-07,-0.3582276350508521,140775.0,142,506,429
2017-03-08,-0.35814886943254715,130884.0,146,536,460
2017-03-09,-0.3330765649377503,144758.0,107,402,384
2017-03-10,-0.334991640270379,126281.0,91,456,481
2017-03-11,-0.3557516572757967,134522.0,215,830,655
2017-03-12,-0.3328997375640663,139310.0,113,384,332
2017-03-13,-0.3503205198269712,141174.0,103,405,338
2017-03-14,-0.3627961831928423,143935.0,57,245,304
2017-03-15,-0.331670034243659,142555.0,83,341,328
2017-03-16,-0.3527792769798634,132078.0,45,274,302
2017-03-17,-0.3597194890929897,127732.0,69,390,407
2017-03-18,-0.35206186215725743,118881.0,84,347,474
2017-03-19,-0.35936759595362683,123983.0,129,538,613
2017-03-20,-0.36019961138292994,117932.0,74,361,328
2017-03-21,-0.3648260345648895,124226.0,75,308,260
2017-03-22,-0.378430580066624,122865.0,80,437,348
2017-03-23,-0.3567543456345423,114611.0,60,254,308
2017-03-24,-0.3688849323976954,114536.0,69,299,329
2017-03-25,-0.366002843264207,106178.0,95,520,511
2017-03-26,-0.3786244143094572,107145.0,76,239,306
2017-03-27,-0.3512788085946841,118017.0,34,155,263
2017-03-28,-0.3646262926094249,114658.0,45,270,282
2017-03-29,-0.35767596740251073,115506.0,51,207,240
2017-03-30,-0.35819164592936625,115078.0,41,214,245
2017-03-31,-0.3590688938208796,120420.0,45,243,307
2017-04-01,-0.35516244344363634,120185.0,90,316,292
2017-04-02,-0.344114587768872,121269.0,99,296,238
2017-04-03,-0.3588578246113183,127783.0,54,222,335
2017-04-04,-0.3502986363682564,125909.0,85,361,309
2017-04-05,-0.3727384006285765,122931.0,241,767,918
2017-04-06,-0.3731888002152776,130836.0,89,453,421
2017-04-07,-0.3620146174251717,131974.0,71,344,502
2017-04-08,-0.3573978866920608,128973.0,129,432,282
2017-04-09,-0.3648816398526056,131130.0,40,152,234
2017-04-10,-0.3791842141663308,132315.0,152,612,324
2017-04-11,-0.3704538243239722,132584.0,40,233,276
2017-04-12,-0.3616543225979735,132432.0,34,173,234
2017-04-13,-0.3812721497717793,126876.0,84,192,289
2017-04-14,-0.3678171886514405,131878.0,70,253,310
2017-04-15,-0.3521409176789108,128529.0,87,248,233
2017-04-16,-0.3968216445586856,128155.0,101,247,252
2017-04-17,-0.3683739457434856,132146.0,67,252,246
2017-04-18,-0.3745637287085181,130098.0,47,247,279
2017-04-19,-0.3695991128687807,129682.0,53,298,234
2017-04-20,-0.3671985718982539,135649.0,80,319,280
2017-04-21,-0.3736520837986139,135277.0,89,217,238
2017-04-22,-0.3783749931794943,135813.0,47,318,231
2017-04-23,-0.3837414047380111,137550.0,197,440,225
2017-04-24,-0.3622952802849304,137283.0,54,191,246
2017-04-25,-0.3758207483197775,140115.0,20,208,326
2017-04-26,-0.3635208461578263,142180.0,75,319,354
2017-04-27,-0.3715567079072988,148531.0,56,244,283
2017-04-28,-0.3596790697353274,147757.0,94,385,397
2017-04-29,-0.3742261821112058,146668.0,55,314,233
2017-04-30,-0.36892969779173374,147368.0,42,230,227
2017-05-01,-0.3456299907084917,156053.0,71,337,394
2017-05-02,-0.3667768865199282,160380.0,457,931,642
2017-05-03,-0.3662581632043588,168757.0,60,436,368
2017-05-04,-0.3598774393779035,180000.0,167,827,499
2017-05-05,-0.36184818804350666,172305.0,211,735,578
2017-05-06,-0.3769912870796651,175887.0,104,390,379
2017-05-07,-0.3668847107780511,176601.0,55,379,395
2017-05-08,-0.3628938357305514,174375.0,176,930,846
2017-05-09,-0.37344100126352014,195542.0,683,2230,1451
2017-05-10,-0.3761215967811672,203548.0,265,986,800
2017-05-11,-0.3632503003238892,210125.0,182,619,569
2017-05-12,-0.3707785374474247,197841.0,195,600,484
2017-05-13,-0.3918997564310423,201502.0,468,723,611
2017-05-14,-0.3740436479717445,202196.0,135,588,449
2017-05-15,-0.4068391994270477,200102.0,3332,2480,900
2017-05-16,-0.4025425807881023,203828.0,3034,4353,1301
2017-05-17,-0.38491923803564543,220621.0,6189,4541,969
2017-05-18,-0.3652405277293769,221809.0,237,852,606
2017-05-19,-0.3739629625448727,224118.0,248,1041,720
2017-05-20,-0.3762679311336928,231959.0,163,585,697
2017-05-21,-0.3759942739747929,226666.0,304,1247,938
2017-05-22,-0.3719149884591611,249444.0,319,1286,1353
2017-05-23,-0.37236059444202707,254475.0,486,1972,1233
2017-05-24,-0.36288698883414494,286397.0,190,940,1056
2017-05-25,-0.3699424023956128,269662.0,697,2684,2009
2017-05-26,-0.3838718803640153,260017.0,585,2315,1869
2017-05-27,-0.3942631708885636,252700.0,659,2597,2192
2017-05-28,-0.3819348626671014,249256.0,725,1822,1055
2017-05-29,-0.3764696712769968,264010.0,422,1805,869
2017-05-30,-0.37417215886188987,267155.0,268,1351,818
2017-05-31,-0.3781336673832288,262456.0,143,626,628
2017-06-01,-0.36950597860299894,271102.0,281,888,558
2017-06-02,-0.3632098433072035,278197.0,202,669,574
2017-06-03,-0.3666962354877724,282821.0,137,639,465
2017-06-04,-0.37682817174278826,296356.0,237,986,590
2017-06-05,-0.3647839727530932,304546.0,155,743,696
2017-06-06,-0.3645628334769388,320283.0,479,1572,1357
2017-06-07,-0.37692307042257067,320347.0,155,737,772
2017-06-08,-0.3589838738993619,317275.0,264,934,588
2017-06-09,-0.3764166518709392,321900.0,277,907,536
2017-06-10,-0.3795558436649767,324000.0,151,707,547
2017-06-11,-0.3586265509750432,332419.0,414,1136,570
2017-06-12,-0.3822300344765871,309888.0,179,794,807
2017-06-13,-0.3850454564175759,320694.0,190,758,649
2017-06-14,-0.3835258784691635,308614.0,433,1117,720
2017-06-15,-0.3850705289022108,284375.0,265,1476,1213
2017-06-16,-0.3675148944357989,279492.0,423,1092,694
2017-06-17,-0.352563921500815,291365.0,187,950,510
2017-06-18,-0.3742013955837382,274511.0,132,605,558
2017-06-19,-0.3554133556006315,299208.0,120,560,467
2017-06-20,-0.3617734625164358,303346.0,209,697,598
2017-06-21,-0.34934467905910344,295047.0,209,969,652
2017-06-22,-0.377353449671452,306815.0,236,851,536
2017-06-23,-0.35677221656573616,311033.0,91,583,531
2017-06-24,-0.36771759917627933,292514.0,167,652,386
2017-06-25,-0.3796823945746272,286639.0,154,548,484
2017-06-26,-0.3676585951665211,281862.0,139,725,543
2017-06-27,-0.3738829151599253,286869.0,114,769,602
2017-06-28,-0.3672528530872515,291532.0,179,701,569
2017-06-29,-0.3492990302669399,286974.0,167,708,443
2017-06-30,-0.365555559470282,280741.0,116,558,488
2017-07-01,-0.3624392762305838,284340.0,230,535,480
2017-07-02,-0.3800401535755765,284630.0,70,499,436
2017-07-03,-0.3598994190031965,296100.0,183,766,470
2017-07-04,-0.35429073256489696,295330.0,104,651,553
2017-07-05,-0.3570013724309372,294032.0,86,524,448
2017-07-06,-0.3763449162945349,296418.0,186,914,524
2017-07-07,-0.3695300959829405,293044.0,201,768,516
2017-07-08,-0.3707141729417463,295715.0,106,396,355
2017-07-09,-0.38182613348901095,291868.0,82,485,315
2017-07-10,-0.3664496116404009,273789.0,169,700,506
2017-07-11,-0.3816165071200939,269523.0,239,1227,895
2017-07-12,-0.3800117914566256,281466.0,224,1267,697
2017-07-13,-0.3761821564628269,281324.0,345,1144,611
2017-07-14,-0.3633054566623178,255488.0,249,1429,616
2017-07-15,-0.3826768078659229,230953.0,256,1597,1227
2017-07-16,-0.3720903887878401,209170.0,372,3043,1141
2017-07-17,-0.3866740994259421,245463.0,171,1087,786
2017-07-18,-0.38505674099755705,263120.0,1133,2393,1357
2017-07-19,-0.3982192953607533,256132.0,225,1395,1079
2017-07-20,-0.38238410693226577,301981.0,347,1447,1001
2017-07-21,-0.3683596603207087,289944.0,266,1596,1487
2017-07-22,-0.3802250994198816,293762.0,285,1212,691
2017-07-23,-0.3890008346983862,296284.0,408,1170,678
2017-07-24,-0.3754961369876895,303279.0,316,1003,687
2017-07-25,-0.3785935681472776,284481.0,208,1136,698
2017-07-26,-0.36324605082841066,274417.0,287,1148,652
2017-07-27,-0.36819094934436064,293883.0,831,1625,582
2017-07-28,-0.37290943636663776,306935.0,107,788,658
2017-07-29,-0.3459266418329553,294359.0,178,1468,797
2017-07-30,-0.3674808388288268,298744.0,117,857,551
2017-07-31,-0.3753261475862373,315083.0,619,1846,1282
2017-08-01,-0.3728358191797115,314656.0,864,3299,2830
2017-08-02,-0.3779626039477553,306007.0,716,2852,2317
2017-08-03,-0.3634352468090276,304985.0,219,1078,931
2017-08-04,-0.3529203619054222,310886.0,1161,3312,824
2017-08-05,-0.3435839054946421,329884.0,208,1144,1230
2017-08-06,-0.34877231590442925,330195.0,403,2037,1222
2017-08-07,-0.3588010376892316,406790.0,190,1164,1154
2017-08-08,-0.3534675371154026,379813.0,547,2586,1356
2017-08-09,-0.3698424113259167,378630.0,171,1102,812
2017-08-10,-0.35144149310445955,373256.0,135,1123,650
2017-08-11,-0.3458981820348168,407736.0,352,1123,622
2017-08-12,-0.35097001802538,409442.0,302,1734,1408
2017-08-13,-0.360615041649396,424424.0,736,3906,2783
2017-08-14,-0.3732711773888153,464508.0,757,3217,1523
2017-08-15,-0.3738778882437758,457008.0,1080,4562,2552
2017-08-16,-0.3633015596069707,474494.0,1297,3528,1501
2017-08-17,-0.3825462633790013,470166.0,574,2266,1439
2017-08-18,-0.36843840676091855,472613.0,324,1499,1180
2017-08-19,-0.3653233614515303,447091.0,343,1216,948
2017-08-20,-0.37083051207966666,456978.0,255,1387,887
2017-08-21,-0.3593503538346527,440101.0,360,1265,857
2017-08-22,-0.3636328630192285,446019.0,360,1686,1348
2017-08-23,-0.3483966881350065,453553.0,497,1793,1093
2017-08-24,-0.35244203152874803,468366.0,518,1819,1019
2017-08-25,-0.3633477211371353,478010.0,339,1589,1012
2017-08-26,-0.3590343796607367,514764.0,314,1225,777
2017-08-27,-0.34514207243798983,469661.0,556,1676,986
2017-08-28,-0.3643045094276682,477876.0,233,1335,942
2017-08-29,-0.36890419607197217,503658.0,423,1670,1177
2017-08-30,-0.34798629779117896,505626.0,595,3062,1848
2017-08-31,-0.35218887413228683,522489.0,569,2302,1485
2017-09-01,-0.3449107711294039,542277.0,623,2563,1561
2017-09-02,-0.3642592142566554,499205.0,987,3688,1687
2017-09-03,-0.3813250801405251,509136.0,449,2149,1191
2017-09-04,-0.3795620005300609,462501.0,865,2975,1406
2017-09-05,-0.3830339695678033,485331.0,495,2485,1831
2017-09-06,-0.38424331275211693,500224.0,935,3128,1630
2017-09-07,-0.3777548848400501,505435.0,318,1606,1150
2017-09-08,-0.3611575907189052,448511.0,991,2761,1213
2017-09-09,-0.38659666259075337,443040.0,1542,4081,1377
2017-09-10,-0.37075532805331857,425296.0,707,2103,967
2017-09-11,-0.3710203713193497,455000.0,510,1911,1136
2017-09-12,-0.3734157777492012,448767.0,763,2142,960
2017-09-13,-0.3792912291486477,439264.0,1464,4392,1994
2017-09-14,-0.38049176309642097,342929.0,2467,6191,2890
2017-09-15,-0.3900930241801585,411332.0,2458,8481,4649
2017-09-16,-0.3754719365239021,421285.0,1360,4652,1908
2017-09-17,-0.3935073442398967,403502.0,667,2023,1149
2017-09-18,-0.3776131697065647,455084.0,597,1681,1080
2017-09-19,-0.36766000217731176,436101.0,671,2697,1185
2017-09-20,-0.35902323314600565,438642.0,412,1802,1086
2017-09-21,-0.3568617390454821,415909.0,330,1625,974
2017-09-22,-0.3289565627224996,394294.0,294,1573,930
2017-09-23,-0.33545658577321186,416338.0,458,1746,893
2017-09-24,-0.3489291101838245,414530.0,395,1525,855
2017-09-25,-0.3697124867368662,433470.0,379,1392,805
2017-09-26,-0.3675776108953635,434942.0,190,1107,789
2017-09-27,-0.35534996097433597,476947.0,483,2661,918
2017-09-28,-0.36679469842126505,470544.0,268,1625,977
2017-09-29,-0.364491405351913,470316.0,200,1182,975
2017-09-30,-0.3746909851889894,489003.0,190,1067,733
2017-10-01,-0.362665129293404,488197.0,429,1528,723
2017-10-02,-0.35676370774896804,489139.0,286,1546,1130
2017-10-03,-0.3608772692930896,487987.0,896,3214,959
2017-10-04,-0.3542583854462404,480618.0,464,2068,1074
2017-10-05,-0.3710174804701924,490673.0,743,3007,865
2017-10-06,-0.3643276211432186,487560.0,426,1965,850
2017-10-07,-0.364630922998712,494927.0,314,1338,776
2017-10-08,-0.3575941012344566,502668.0,242,1604,919
2017-10-09,-0.371685842949256,521692.0,330,1640,893
2017-10-10,-0.36517716084198254,529605.0,416,2220,1266
2017-10-11,-0.3512113404310485,535745.0,258,1643,1087
2017-10-12,-0.3433309182380048,603830.0,591,3029,2038
2017-10-13,-0.3592108192342802,626833.0,1100,5477,3524
2017-10-14,-0.34857507497328155,641376.0,499,2877,1453
2017-10-15,-0.3748828272794307,640736.0,328,1911,1116
2017-10-16,-0.36987531683728586,646682.0,390,2068,1086
2017-10-17,-0.3606025870277914,634682.0,416,2410,1153
2017-10-18,-0.35789392467185754,638945.0,634,3234,1422
2017-10-19,-0.34737566200284703,639563.0,374,2361,1350
2017-10-20,-0.34665979685569576,680935.0,424,2053,1093
2017-10-21,-0.3574211806278346,683720.0,587,4062,2414
2017-10-22,-0.3779117445599501,674718.0,511,3507,1380
2017-10-23,-0.3732967139318557,688504.0,375,2502,1124
2017-10-24,-0.36096328674429,647263.0,702,3278,1674
2017-10-25,-0.3606865365627375,661909.0,585,2785,1295
2017-10-26,-0.3625863982486232,656882.0,605,3145,1354
2017-10-27,-0.3643529170343421,662773.0,361,1831,1024
2017-10-28,-0.37202392496645903,663574.0,442,2059,875
2017-10-29,-0.3826479819597447,704915.0,459,2239,878
2017-10-30,-0.3711313556562724,689863.0,1852,4343,1190
2017-10-31,-0.36243774548572427,729017.0,1018,3335,1723
2017-11-01,-0.3686904994906325,775693.0,1194,5011,2341
2017-11-02,-0.3705001189269317,805927.0,1805,8486,4641
2017-11-03,-0.3763479691433713,828976.0,913,4266,2008
2017-11-04,-0.3776412593202045,861002.0,823,3364,1265
2017-11-05,-0.36380026510207786,844983.0,899,3775,1475
2017-11-06,-0.3885535169810469,797783.0,517,2895,1477
2017-11-07,-0.36641579175998384,827687.0,965,3658,1171
2017-11-08,-0.35956124947194845,866073.0,594,2452,1267
2017-11-09,-0.3728584484381831,806632.0,856,3453,1844
2017-11-10,-0.3829067470893521,765882.0,668,3548,1784
2017-11-11,-0.3858999891029096,785832.0,938,3651,2136
2017-11-12,-0.3863567569374116,714078.0,1637,7355,3175
2017-11-13,-0.3656033661879712,791935.0,1231,5755,1970
2017-11-14,-0.3823489204414223,801679.0,1078,4504,1385
2017-11-15,-0.3786532478575292,845315.0,1210,4456,1580
2017-11-16,-0.3754850242001467,882779.0,1527,5242,1837
2017-11-17,-0.3677297944961582,868099.0,2006,6796,2647
2017-11-18,-0.38378809580542944,875394.0,825,3787,1251
2017-11-19,-0.3535302203833863,882652.0,769,3285,1009
2017-11-20,-0.3633543627212716,923098.0,594,2990,1445
2017-11-21,-0.3791651647292808,921410.0,1042,6734,1837
2017-11-22,-0.3829385201358937,945425.0,270,1659,1274
2017-11-23,-0.3793348767595421,925468.0,499,2660,1297
2017-11-24,-0.3859252054027884,948234.0,619,2849,1264
2017-11-25,-0.3691354698138263,988444.0,484,3127,1617
2017-11-26,-0.3538940053543251,1048567.0,2835,10341,3921
2017-11-27,-0.3642153988124627,1093657.0,2019,10993,4470
2017-11-28,-0.37014059610821015,1138710.0,1862,8093,3493
2017-11-29,-0.3735415357975901,1117038.0,2635,12247,5563
2017-11-30,-0.3954557469585552,1153536.0,5951,18891,7889
2017-12-01,-0.3721850899454471,1234384.0,1669,6913,3354
2017-12-02,-0.3771499652356048,1233381.0,2759,7412,2062
2017-12-03,-0.3754329060465264,1264456.0,1029,4569,1868
2017-12-04,-0.3741374605884871,1299437.0,1426,6302,2444
2017-12-05,-0.37473909540536615,1225148.0,1629,6713,2509
2017-12-06,-0.3757979357519968,1471159.0,1412,7212,4214
2017-12-07,-0.3757271406269074,1580145.0,7162,25135,10751
2017-12-08,-0.3765281578459235,1820944.0,8316,35082,17707
2017-12-09,-0.3797969259787959,1673591.0,29369,43851,5343
2017-12-10,-0.3868213380080167,1818393.0,10183,21063,6125
2017-12-11,-0.3770685435786624,1905039.0,3669,12575,4655
2017-12-12,-0.3783342701863591,1933007.0,3534,10968,4269
2017-12-13,-0.3728609625214668,1941908.0,2945,10822,4235
2017-12-14,-0.3596932058017458,1895237.0,15741,29778,3368
2017-12-15,-0.3715582562305323,1989046.0,3287,11491,3834
2017-12-16,-0.3731994002584634,2209283.0,5566,12286,3138
2017-12-17,-0.3769644175786401,2214558.0,2579,10464,3764
2017-12-18,-0.37405371716491104,2126783.0,2234,7620,3365
2017-12-19,-0.3793012984449082,2022145.0,1718,7921,4119
2017-12-20,-0.3731348207621967,1875889.0,5217,12325,4974
2017-12-21,-0.3781709714477511,1830241.0,2896,10732,4433
2017-12-22,-0.3889443490398285,1593787.0,7104,21025,10567
2017-12-23,-0.3879345037479212,1778569.0,7278,17305,7082
2017-12-24,-0.3783651072051657,1667016.0,2156,8164,4051
2017-12-25,-0.38340782447575106,1550994.0,3217,9196,3333
2017-12-26,-0.3786709105208974,1848630.0,845,5156,3075
2017-12-27,-0.3782073023207708,1841033.0,2579,8575,3488
2017-12-28,-0.379688223930944,1668876.0,2336,8548,2836
2017-12-29,-0.364309413614384,1721602.0,982,5728,2830
2017-12-30,-0.3688272980164782,1479672.0,1638,8182,3386
2017-12-31,-0.3670530447018979,1656187.0,449,2409,957
2018-01-01,-0.3718278360131205,1587760.0,1146,3743,1753
2018-01-02,-0.37188058842383626,1665757.0,2506,8458,2192
2018-01-03,-0.3634716056862404,1750245.0,6334,14252,2615
2018-01-04,-0.3570710616880665,1788935.0,1551,7465,2469
2018-01-05,-0.3655953791829117,1819531.0,1902,7937,3348
2018-01-06,-0.3595471344756832,2047219.0,1230,7268,3683
2018-01-07,-0.3705656004321489,1931984.0,1382,7236,2911
2018-01-08,-0.3725635362251455,1883626.0,2578,8854,2943
2018-01-09,-0.37425845404983743,1845553.0,1310,6552,2764
2018-01-10,-0.3788951749073515,1834312.0,2538,8782,3038
2018-01-11,-0.3846437374517989,1707610.0,4824,14642,3614
2018-01-12,-0.3791269675652886,1763028.0,2978,7678,3333
2018-01-13,-0.3782063786746612,1750678.0,1891,8276,2648
2018-01-14,-0.3843554351997405,1690763.0,1986,7896,2855
2018-01-15,-0.38620264627390016,1738655.0,2548,7234,3400
2018-01-16,-0.3920884601580835,1355490.0,4260,17132,7781
2018-01-17,-0.39743359673168893,1324203.0,6481,27915,14419
2018-01-18,-0.3947634365507893,1369012.0,6926,21902,7959
2018-01-19,-0.39261594637255937,1363564.0,3423,13591,4059
2018-01-20,-0.3884432705388979,1492052.0,1439,7528,3384
2018-01-21,-0.3953204674139837,1279903.0,1607,7910,3474
2018-01-22,-0.396610115705111,1209404.0,2779,7892,3430
2018-01-23,-0.39292377344428936,1225957.0,2108,8850,3746
2018-01-24,-0.3804954296941207,1266867.0,1560,6888,3261
2018-01-25,-0.3842222862497581,1262344.0,1232,5027,2754
2018-01-26,-0.3885734577509424,1220742.0,11834,25589,6743
2018-01-27,-0.39364355972837295,1249673.0,15083,55896,10660
2018-01-28,-0.3863763557245267,1247777.0,5053,14616,4676
2018-01-29,-0.3796352351184135,1226618.0,2417,14128,3335
2018-01-30,-0.3819653894449071,1163152.0,1620,6001,3151
2018-01-31,-0.387424993639156,1087452.0,3671,10760,3660
2018-02-01,-0.3869293050790499,1092476.0,807,1920,677
2018-02-02,-0.3865141496208595,955897.0,4023,11942,3461
2018-02-03,-0.3837198990299739,996664.0,1750,9236,3606
2018-02-04,-0.3835448369414803,875690.0,2350,6822,2662
2018-02-05,-0.3852068301901797,652592.0,1267,6001,3460
2018-02-06,-0.3895981396151184,860194.0,5842,15090,7715
2018-02-07,-0.3828009779241929,826333.0,1629,7829,3581
2018-02-08,-0.3758829887650588,923396.0,1521,6140,2574
2018-02-09,-0.3829509964989105,870381.0,921,3364,2394
2018-02-10,-0.37416448732777097,929739.0,8894,8510,2497
2018-02-11,-0.3878308280716501,903176.0,943,5505,2077
2018-02-12,-0.36960998119516,976118.0,1015,4865,2168
2018-02-13,-0.3857117341409188,934361.0,1182,5375,2364
2018-02-14,-0.3785091473456742,1036602.0,1396,6930,2252
2018-02-15,-0.3645059960445281,1082140.0,514,4565,2688
2018-02-16,-0.3736257997076813,1091858.0,2131,8029,2808
2018-02-17,-0.3751415097490611,1189376.0,746,5235,2375
2018-02-18,-0.38257598012404936,1178894.0,763,4116,2459
2018-02-19,-0.374206229919321,1297152.0,677,3510,2136
2018-02-20,-0.3705923225806617,1193806.0,756,3879,2435
2018-02-21,-0.3787506490622749,1137642.0,1529,4756,2341
2018-02-22,-0.3805227669150155,1054569.0,953,5018,2458
2018-02-23,-0.3822541054388406,1109313.0,1178,4072,2126
2018-02-24,-0.3765831586650812,1053437.0,548,3145,1729
2018-02-25,-0.3760108391373268,1050410.0,398,2573,1559
2018-02-26,-0.3781672215937236,1122273.0,531,3806,1933
2018-02-27,-0.3782418810566539,1157029.0,1074,4316,2006
2018-02-28,-0.3737905835084669,1158702.0,580,3291,1686
2018-03-01,-0.3540009327099855,1144673.0,311,2597,1634
2018-03-02,-0.3734141182218249,1168110.0,1465,5526,1571
2018-03-03,-0.3814782636996984,1200322.0,383,2496,1502
2018-03-04,-0.3820988258171264,1215849.0,165,1526,1303
2018-03-05,-0.3756704883517663,1250343.0,697,2496,1560
2018-03-06,-0.3782009160989661,1138974.0,302,2204,1642
2018-03-07,-0.3792633100414075,1077299.0,323,2238,1482
2018-03-08,-0.3818350308239822,1001969.0,954,4650,2129
2018-03-09,-0.38840812569817057,1004957.0,659,3607,2434
2018-03-10,-0.3853485487493613,939570.0,349,1543,1434
2018-03-11,-0.38027048584976697,999091.0,414,2443,1443
2018-03-12,-0.3830538574237955,968433.0,571,3031,1417
2018-03-13,-0.3853876005257352,959743.0,294,2133,1532
2018-03-14,-0.3829469653091696,863582.0,304,2083,1363
2018-03-15,-0.3756144821108744,867597.0,989,5067,1950
2018-03-16,-0.3727653715832801,865052.0,790,3627,1404
2018-03-17,-0.3787451512638496,815943.0,484,1902,1263
2018-03-18,-0.3804014246693333,829125.0,794,4049,1854
2018-03-19,-0.3746575169815064,906822.0,335,2406,1800
2018-03-20,-0.3737221203230133,955532.0,317,1891,1406
2018-03-21,-0.36757649516161744,932736.0,1052,2776,1470
2018-03-22,-0.36923127226951424,925397.0,567,2809,1480
2018-03-23,-0.3671209519297408,921648.0,685,3305,1476
2018-03-24,-0.3485969537257778,894311.0,298,2816,1398
2018-03-25,-0.36653658075900397,893913.0,386,2410,1156
2018-03-26,-0.37427396366953136,849605.0,433,2106,1152
2018-03-27,-0.3708231794032432,834122.0,401,2637,1400
2018-03-28,-0.35745525290976204,846406.0,247,1974,1298
2018-03-29,-0.3698448809886861,772452.0,343,2224,1427
2018-03-30,-0.37769628455161536,731063.0,949,4786,1974
2018-03-31,-0.36494383209786796,735125.0,299,2042,1169
2018-04-01,-0.3724954905838933,727188.0,432,2789,1446
2018-04-02,-0.3662781757141794,734386.0,301,2187,1336
2018-04-03,-0.3667283745167512,786729.0,236,1786,1288
2018-04-04,-0.3650789652680769,720775.0,310,1652,1133
2018-04-05,-0.3688396927900724,737194.0,904,2254,1122
2018-04-06,-0.3671279447073206,714549.0,512,2376,1168
2018-04-07,-0.3583564011969965,742995.0,670,2306,1041
2018-04-08,-0.373145740980718,746553.0,303,1931,1142
2018-04-09,-0.3608524579060473,727612.0,442,2690,1222
2018-04-10,-0.3674787300423421,741308.0,295,1876,1163
2018-04-11,-0.36887702186568094,741374.0,210,1843,1155
2018-04-12,-0.3671166019911744,847057.0,575,3720,2208
2018-04-13,-0.3610699458427024,839460.0,690,4153,1899
2018-04-14,-0.3651127789317198,861550.0,274,2225,1150
2018-04-15,-0.3587431176466495,886829.0,362,2339,1162
2018-04-16,-0.3653424627249635,857572.0,263,2151,1248
2018-04-17,-0.3551774570568383,841899.0,356,2171,1043
2018-04-18,-0.3618668950606024,868471.0,269,2259,1174
2018-04-19,-0.3642863584571007,892363.0,334,2271,1151
2018-04-20,-0.3570265643934302,963122.0,451,2478,1448
2018-04-21,-0.35066506370563744,943722.0,617,3013,1458
2018-04-22,-0.3592911713532146,953691.0,619,2325,1049
2018-04-23,-0.36286704829212624,980147.0,218,2052,1158
2018-04-24,-0.3513299935571183,1013857.0,786,4706,2138
2018-04-25,-0.3539562326818287,976946.0,385,2681,1730
2018-04-26,-0.3637948722551819,1022849.0,313,2658,1643
2018-04-27,-0.3707414543439595,996152.0,187,1528,1153
2018-04-28,-0.37210533497985104,1021170.0,270,1699,1062
2018-04-29,-0.3759302312106664,1033615.0,542,1781,976
2018-04-30,-0.37708245479594027,1015504.0,351,1812,1072
2018-05-01,-0.37121163764488296,1013493.0,460,2003,1279
2018-05-02,-0.37760861465583256,1015918.0,335,2207,1085
2018-05-03,-0.38067156403296,1070560.0,534,2668,1187
2018-05-04,-0.3790537649905037,1050635.0,299,2297,1153
2018-05-05,-0.3804540768687036,1056467.0,306,2269,1127
2018-05-06,-0.3795944513279324,1057802.0,632,2506,1123
2018-05-07,-0.3883526130055236,1023860.0,346,2797,1101
2018-05-08,-0.3824578125114144,1010974.0,399,2356,1223
2018-05-09,-0.37266492669273177,1007039.0,290,2152,1131
2018-05-10,-0.3727293633567998,993113.0,616,2941,1044
2018-05-11,-0.3788789108324824,973212.0,454,2650,1475
2018-05-12,-0.37423872154811855,954681.0,537,2380,1216
2018-05-13,-0.3533325288494418,977325.0,375,2358,1041
2018-05-14,-0.3638982263368957,976336.0,335,2000,1052
2018-05-15,-0.37502420840639183,940384.0,675,3187,1127
2018-05-16,-0.3859383597437009,921471.0,668,2900,1247
2018-05-17,-0.3827184129427318,895177.0,353,2589,1139
2018-05-18,-0.386699652789906,917200.0,481,2713,1333
2018-05-19,-0.3858990112079891,904128.0,339,1993,905
2018-05-20,-0.3858152769669748,945392.0,791,2921,909
2018-05-21,-0.3822567677078355,935786.0,159,1488,974
2018-05-22,-0.3741693835597609,892590.0,537,3178,1226
2018-05-23,-0.3891537188628485,842477.0,353,3111,1428
2018-05-24,-0.3856474257782887,834113.0,517,3616,1679
2018-05-25,-0.37317427489902416,816057.0,736,3031,1146
2018-05-26,-0.36429822909082654,808678.0,248,1681,871
2018-05-27,-0.37049669606258817,806530.0,231,1611,922
2018-05-28,-0.37196644597122897,789279.0,589,2890,1206
2018-05-29,-0.3645993095593444,828699.0,364,3062,1921
2018-05-30,-0.3605593387315661,818946.0,355,2502,1406
2018-05-31,-0.3620808059441667,824313.0,424,3022,1346
